%YAML:1.0
---
calibration_time: "Sun Mar  5 15:47:01 2017"
camera_matrix: !!opencv-matrix
   rows: 3
   cols: 3
   dt: d
   data: [ 9.0532609345943331e+02, 0., 9.0038691664827326e+01, 0.,
       9.1479090681904222e+02, 1.7180921664404502e+02, 0., 0., 1. ]
distortion_coefficients: !!opencv-matrix
   rows: 5
   cols: 1
   dt: d
   data: [ -5.0032323860185013e-01, 3.3800212488216301e+00,
       -3.0513450704292268e-02, -5.0030947794545297e-02,
       -6.8877552096966772e+00 ]
